{
    "tryNum": 1,
    "totalTime": 55.49709701538086,
    "portalACreationTime": 14.86030101776123,
    "portalBCreationTime": 13.001333236694336,
    "portalACreationNum": 1,
    "portalBCreationNum": 1,
    "portalADistance": 0.2604907751083374,
    "portalBDistance": 0.4827968180179596
}