{
    "tryNum": 2,
    "totalTime": 7.448153972625732,
    "ACreationTime": 6.334525108337402,
    "BCreationTime": 0.5985742211341858,
    "ACreationNum": 0,
    "BCreationNum": 0,
    "ADistance": 0.0,
    "BDistance": 0.0,
    "ATimeList": [],
    "ADistanceList": [],
    "BTimeList": [],
    "BDistanceList": [],
    "moveTime": 0.515052855014801
}