{
    "tryNum": 1,
    "totalTime": 18.56267547607422,
    "ACreationTime": 2.898719310760498,
    "BCreationTime": 14.283467292785645,
    "ACreationNum": 0,
    "BCreationNum": 0,
    "ADistance": 0.0,
    "BDistance": 0.0,
    "ATimeList": [],
    "ADistanceList": [],
    "BTimeList": [],
    "BDistanceList": [],
    "moveTime": 1.380487084388733
}