{
    "tryNum": 2,
    "totalTime": 1.217275619506836,
    "ACreationTime": 0.5317589044570923,
    "BCreationTime": 0.1944958120584488,
    "ACreationNum": 0,
    "BCreationNum": 0,
    "ADistance": 0.0,
    "BDistance": 0.0,
    "ATimeList": [],
    "ADistanceList": [],
    "BTimeList": [],
    "BDistanceList": [],
    "moveTime": 0.49102094769477847
}