{
    "tryNum": 1,
    "totalTime": 1.8780268430709839,
    "ACreationTime": 0.9367268085479736,
    "BCreationTime": 0.4070691764354706,
    "ACreationNum": 0,
    "BCreationNum": 0,
    "ADistance": 0.0,
    "BDistance": 0.0,
    "ATimeList": [],
    "ADistanceList": [],
    "BTimeList": [],
    "BDistanceList": [],
    "moveTime": 0.5342310667037964
}