{
    "tryNum": 1,
    "totalTime": 37.91368865966797,
    "portalACreationTime": 18.793319702148439,
    "portalBCreationTime": 10.850507736206055,
    "portalACreationNum": 2,
    "portalBCreationNum": 1,
    "portalADistance": 7.888001441955566,
    "portalBDistance": 9.951949119567871
}