{
    "tryNum": 1,
    "totalTime": 53.44281005859375,
    "portalACreationTime": 11.831509590148926,
    "portalBCreationTime": 23.241722106933595,
    "portalACreationNum": 1,
    "portalBCreationNum": 2,
    "portalADistance": 0.24214601516723634,
    "portalBDistance": 4.755797863006592
}