{
    "tryNum": 1,
    "totalTime": 66.81293487548828,
    "portalACreationTime": 35.03202819824219,
    "portalBCreationTime": 20.531986236572267,
    "portalACreationNum": 2,
    "portalBCreationNum": 2,
    "portalADistance": 5.850764751434326,
    "portalBDistance": 8.533197402954102
}